Incorrect list:
((52, 59), -2, 'LeftNew'),
((59, 98), 2, 'LeftOld'),
((0, 14), 39, 'RightOld'),
((14, 15), 35, 'RightNew'),
((98, 100), -74, 'Complete Overlap'),
((15, 26), -15, 'RightOld'),
((26, 50), -26, 'RightNew'),
((50, 52), -24, 'Complete Overlap'),
((0, 14), 28, 'LeftNew'),
((14, 15), 39, 'LeftOld'),
((15, 52), -11),
((15, 22), 27, 'Mid'),
((22, 50), -15, 'MidRight'),
((15, 22), -15, 'MidLeft'),
((22, 26), 35, 'Mid'),
((26, 50), -15, 'MidRight')


Correct List:
((0, 14), 28, 'LeftNew'),
((14, 15), 35, 'RightNew'),
((15, 22), 27, 'Mid'),
((22, 26), 35, 'Mid'),
((26, 50), -26, 'RightNew'),
((50, 52), -24, 'Complete Overlap'),
((52, 59), -2, 'LeftNew'),
((59, 98), 2, 'LeftOld'),
((98, 100), -74, 'Complete Overlap'),

ic| result: [((50, 98), 2, ''), ((98, 100), -48, '')]
ic| result: [((0, 15), 39, ''),((15, 50), -15, ''),((50, 52), -13, ''),((52, 98), 2, 'Old'),((98, 100), -63, '')]
ic| result: [((0, 14), 28, ''),((14, 15), 35, ''),((15, 22), 27, ''),((22, 26), 35, ''),((26, 50), -26, ''),((50, 52), -24, ''),((52, 59), -2, ''),((59, 98), 2, 'Old'),((98, 100), -74, '')]
ic| result: [((0, 14), 21, ''),((14, 15), 28, ''),((15, 22), 20, ''),((22, 26), 28, ''),((26, 44), -26, 'Old'),((44, 50), 44, ''),((50, 52), -31, ''),((52, 59), -9, ''),((59, 93), -5, ''),((93, 98), 2, 'Old'),((98, 99), -4, ''),((99, 100), -81, '')]
ic| result: [((0, 14), 21, 'Old'),
             ((14, 15), 28, 'Old'),
             ((15, 22), 20, 'Old'),
             ((22, 26), 64, ''),
             ((26, 44), -26, 'Old'),
             ((44, 50), 12, ''),
             ((50, 52), -31, 'Old'),
             ((52, 54), -9, 'Old'),
             ((54, 59), 27, ''),
             ((59, 69), 31, ''),
             ((69, 82), -1, ''),
             ((82, 93), -37, ''),
             ((93, 98), -30, ''),
             ((98, 99), -36, ''),
             ((99, 100), -81, 'Old')]

[(((26, 44), -25), 1),
(((99, 100), -80), 19),
(((50, 52), -30), 20),
(((0, 14), 22), 22),
(((15, 22), 21), 36),
(((14, 15), 29), 43),
(((52, 54), -8), 44),
(((82, 92), -36), 46),
(((62, 66), -6), 56),
(((92, 93), -32), 60),
(((44, 50), 17), 61),
(((98, 99), -31), 67),
(((93, 98), -25), 68),
(((69, 70), 4), 73),
(((70, 82), 3), 73),
(((71, 82), 3), 74),
(((54, 59), 31), 85),
(((22, 26), 68), 90),
(((59, 62), 35), 94),
(((66, 69), 31), 97)]